0 5.95292e+07
0 5.56761e+07
0 5.56413e+07
0 5.52955e+07
0 5.47105e+07
0 5.46229e+07
0 5.44543e+07
0 5.44241e+07
0 5.44067e+07
0 5.43974e+07
0 5.42118e+07
0 5.41618e+07
0 5.41358e+07
0 5.30589e+07
0 5.26529e+07
0 5.26246e+07
0 5.25069e+07
0 5.2495e+07
0 5.23379e+07
1 5.23121e+07
3 5.19822e+07
3 5.18232e+07
3 5.14749e+07
3 5.14577e+07
3 5.10351e+07
3 5.08957e+07
3 5.06404e+07
3 5.05808e+07
3 5.05633e+07
3 5.03558e+07
3 4.91172e+07
3 4.81055e+07
3 4.57331e+07
16 4.54099e+07
25 4.5219e+07
25 4.5196e+07
25 4.51074e+07
52 4.47395e+07
0 5.95292e+07
0 5.56761e+07
0 5.56413e+07
0 5.52955e+07
0 5.47105e+07
0 5.46229e+07
0 5.44543e+07
0 5.44241e+07
0 5.44067e+07
0 5.43974e+07
0 5.42118e+07
0 5.41618e+07
0 5.41358e+07
0 5.30589e+07
0 5.26529e+07
0 5.26246e+07
0 5.25069e+07
0 5.2495e+07
0 5.23379e+07
1 5.23121e+07
3 5.18479e+07
3 5.18113e+07
3 4.72709e+07
3 4.63617e+07
3 4.4854e+07
3 4.1585e+07
3 4.12539e+07
4 3.96398e+07
8 3.88714e+07
99 3.87859e+07
99 3.82977e+07
107 3.76406e+07
157 3.65514e+07
0 5.95292e+07
0 5.56761e+07
0 5.56413e+07
0 5.52955e+07
0 5.47105e+07
0 5.46229e+07
0 5.44543e+07
0 5.44241e+07
0 5.44067e+07
0 5.43974e+07
0 5.42118e+07
0 5.41618e+07
0 5.41358e+07
0 5.30589e+07
0 5.26529e+07
1 5.26246e+07
1 5.25069e+07
1 5.2495e+07
1 5.23379e+07
1 5.23121e+07
3 5.18479e+07
3 5.18113e+07
3 4.72709e+07
3 4.63617e+07
3 4.4854e+07
3 4.1585e+07
3 4.12539e+07
5 3.96398e+07
9 3.88714e+07
0 5.95292e+07
0 5.5676e+07
1 5.33425e+07
3 5.19563e+07
3 5.10303e+07
3 5.10302e+07
3 4.96409e+07
3 4.78597e+07
3 4.72929e+07
3 4.59515e+07
4 4.52676e+07
5 4.32128e+07
10 4.29773e+07
10 4.29725e+07
10 4.29724e+07
14 4.29445e+07
16 4.19501e+07
16 4.18739e+07
0 5.95292e+07
0 5.5676e+07
1 5.33425e+07
2 5.19563e+07
2 5.10303e+07
2 5.10302e+07
2 4.96409e+07
2 4.78597e+07
3 4.72929e+07
3 4.59515e+07
3 4.52676e+07
5 4.32128e+07
9 4.29773e+07
9 4.29725e+07
9 4.29724e+07
13 4.29445e+07
15 4.19501e+07
15 4.18739e+07
0 6810
0 4830
0 4460
0 3500
0 2891
0 2790
0 2531
0 2430
0 2411
0 1671
0 6810
0 4830
0 4460
0 3500
0 2891
0 2790
0 2531
0 2430
0 2411
0 1671
0 6810
0 4830
0 4460
0 3500
0 2891
0 2790
0 2531
0 2430
0 2411
0 1671
0 6810
0 4830
0 4460
0 3500
0 2891
0 2790
1 2531
1 2430
1 2411
1 1671
0 6810
0 6810
0 4830
0 4460
0 3500
0 6810
0 4830
0 4460
0 3500
0 6810
0 5140
0 2891
0 2831
0 6810
0 5140
0 2891
0 2831
0 6810
0 5140
0 2891
0 2831
0 6810
0 5140
0 2891
0 2831
0 6810
0 5140
0 2891
0 2831
0 6810
0 5140
0 2891
0 2831
0 6810
0 5140
0 6810
0 5140
0 6810
0 5140
0 6810
0 5140
0 2891
0 2831
0 6810
0 5140
0 6810
0 5140
0 6810
0 5140
0 6810
0 5140
0 6810
0 5140
0 6810
0 5140
0 6810
0 5140
0 6810
0 5140
0 6810
0 5140
0 6810
0 5140
0 6810
0 5140
0 6810
0 5140
0 6810
0 5140
0 6810
0 5140
0 3821
0 2831
0 6810
0 5210
0 4821
0 3931
0 3911
0 3821
0 3071
0 2831
0 6810
0 5210
0 4571
0 2891
0 2831
0 6810
0 5210
0 5140
0 4820
0 4681
0 3821
0 3071
0 2891
0 2831
0 6810
0 5210
0 5140
0 4820
0 4681
0 3821
0 3071
0 2891
0 2831
0 6810
0 5210
0 5140
0 4820
0 4681
0 3821
0 3071
0 2891
0 2831
0 6810
0 5210
0 5140
0 4820
0 4681
0 3821
0 3071
0 2891
0 2831
0 6810
0 5210
0 5140
0 4820
0 4681
0 3821
0 3071
0 2891
0 2831
0 6810
0 5210
0 5140
0 4820
0 4681
0 3821
0 3071
0 2891
0 2831
0 6810
0 5210
0 6810
0 5210
0 6810
0 5210
0 5140
0 4820
0 4681
0 3821
0 3071
0 2891
0 2831
0 6810
0 5210
0 5140
0 4820
0 4681
0 3821
0 3071
0 2891
0 2831
0 8.8863e+08
0 8.88587e+08
0 8.88587e+08
2 8.8858e+08
2 8.88396e+08
4 8.88166e+08
5 8.88119e+08
7 8.88104e+08
8 8.87937e+08
9 8.87903e+08
14 8.87877e+08
15 8.87713e+08
16 8.87651e+08
20 8.85603e+08
26 8.85592e+08
29 8.85278e+08
29 8.852e+08
0 8.8863e+08
0 8.88587e+08
0 8.88587e+08
2 8.8858e+08
3 8.88396e+08
5 8.88166e+08
5 8.88119e+08
8 8.88104e+08
0 8.8863e+08
1 8.88587e+08
1 8.88587e+08
2 8.8858e+08
3 8.88396e+08
5 8.88166e+08
6 8.88119e+08
8 8.88104e+08
9 8.87937e+08
9 8.87903e+08
0 8.8863e+08
0 8.88587e+08
0 8.88587e+08
2 8.8858e+08
2 8.88396e+08
4 8.88166e+08
5 8.88119e+08
7 8.88104e+08
8 8.87937e+08
9 8.87903e+08
