0 1.06165e+09
0 1.06163e+09
0 1.05837e+09
0 1.05815e+09
1 1.05786e+09
1 1.05786e+09
1 1.05782e+09
2 1.05775e+09
2 1.05775e+09
2 1.05771e+09
2 1.05758e+09
2 1.05713e+09
2 1.05599e+09
3 1.05594e+09
3 1.05589e+09
3 1.05589e+09
6 1.05577e+09
7 1.05573e+09
8 1.05555e+09
8 1.05553e+09
10 1.05548e+09
10 1.05535e+09
10 1.05522e+09
12 1.05512e+09
12 1.05489e+09
13 1.05347e+09
14 1.05247e+09
14 1.05047e+09
15 1.04987e+09
15 1.04952e+09
17 1.04951e+09
17 1.04895e+09
17 1.04872e+09
17 1.04717e+09
18 1.04698e+09
19 1.04336e+09
20 1.04286e+09
20 1.04229e+09
21 1.04202e+09
21 1.03684e+09
22 1.03478e+09
22 1.03444e+09
24 1.03317e+09
24 1.03264e+09
25 1.03261e+09
25 1.03131e+09
25 1.03123e+09
26 1.02993e+09
31 1.02959e+09
31 1.02943e+09
32 1.02892e+09
33 1.02889e+09
33 1.02687e+09
34 1.02144e+09
35 1.02142e+09
37 1.02141e+09
38 1.02139e+09
38 1.02139e+09
40 1.02138e+09
42 1.02115e+09
42 1.0209e+09
42 1.02021e+09
42 1.01908e+09
43 1.01887e+09
43 1.01884e+09
45 1.01878e+09
47 1.01855e+09
47 1.01751e+09
48 1.01711e+09
49 1.01699e+09
50 1.01693e+09
50 1.0169e+09
50 1.0169e+09
54 1.01684e+09
56 1.01648e+09
57 1.01498e+09
58 1.01345e+09
58 1.01314e+09
59 1.01229e+09
61 1.01183e+09
61 1.01039e+09
62 1.0081e+09
62 1.00802e+09
62 1.0071e+09
63 1.00618e+09
64 1.00603e+09
64 1.00594e+09
69 1.00461e+09
69 1.00461e+09
70 1.00452e+09
70 1.00296e+09
71 1.00241e+09
71 1.00204e+09
73 1.00171e+09
74 1.00161e+09
74 1.00151e+09
76 1.00131e+09
83 1.00128e+09
90 1.00058e+09
92 1.0004e+09
92 1.00017e+09
93 1.00017e+09
93 9.99683e+08
93 9.99401e+08
97 9.98966e+08
98 9.98851e+08
100 9.9884e+08
104 9.98824e+08
104 9.98778e+08
105 9.98656e+08
107 9.98371e+08
107 9.98204e+08
109 9.98132e+08
111 9.9806e+08
112 9.9803e+08
114 9.98022e+08
114 9.98022e+08
119 9.97883e+08
119 9.97003e+08
119 9.96887e+08
130 9.96637e+08
131 9.96611e+08
132 9.966e+08
132 9.96455e+08
135 9.96171e+08
135 9.96091e+08
141 9.95985e+08
141 9.93786e+08
142 9.93774e+08
142 9.93752e+08
148 9.93271e+08
149 9.93261e+08
149 9.92866e+08
152 9.92851e+08
152 9.92829e+08
165 9.92155e+08
168 9.92152e+08
169 9.92093e+08
180 9.92038e+08
180 9.9174e+08
180 9.91249e+08
181 9.90818e+08
183 9.90818e+08
184 9.90805e+08
184 9.90763e+08
185 9.90721e+08
186 9.9072e+08
186 9.90698e+08
188 9.90691e+08
191 9.90387e+08
196 9.90334e+08
196 9.90001e+08
201 9.89812e+08
206 9.89757e+08
206 9.89745e+08
207 9.89743e+08
209 9.89703e+08
215 9.8968e+08
215 9.8968e+08
215 9.89657e+08
216 9.89624e+08
217 9.89622e+08
218 9.89616e+08
218 9.89594e+08
219 9.89593e+08
224 9.89578e+08
225 9.89577e+08
227 9.89571e+08
231 9.89558e+08
231 9.89462e+08
231 9.89393e+08
231 9.89284e+08
232 9.89132e+08
237 9.89119e+08
237 9.89118e+08
238 9.89116e+08
239 9.89115e+08
247 9.89083e+08
267 9.88763e+08
274 9.88694e+08
275 9.88689e+08
275 9.88687e+08
277 9.88465e+08
294 9.88453e+08
295 9.88327e+08
302 9.88289e+08
303 9.88223e+08
304 9.88209e+08
310 9.88188e+08
313 9.87912e+08
317 9.8783e+08
331 9.87789e+08
349 9.87767e+08
349 9.87751e+08
350 9.87726e+08
350 9.87712e+08
351 9.8769e+08
351 9.87668e+08
363 9.87641e+08
363 9.87555e+08
364 9.87358e+08
374 9.87311e+08
375 9.87254e+08
376 9.87234e+08
376 9.8722e+08
376 9.87185e+08
385 9.87102e+08
395 9.87001e+08
396 9.86973e+08
396 9.86758e+08
397 9.86741e+08
397 9.86601e+08
397 9.86295e+08
416 9.86293e+08
416 9.86267e+08
416 9.86041e+08
417 9.85833e+08
419 9.85828e+08
428 9.8566e+08
431 9.85492e+08
434 9.84956e+08
436 9.84916e+08
452 9.84836e+08
456 9.84809e+08
460 9.84303e+08
461 9.83297e+08
462 9.83283e+08
466 9.83174e+08
470 9.82995e+08
481 9.82639e+08
492 9.82625e+08
492 9.82536e+08
504 9.82509e+08
504 9.82498e+08
504 9.82477e+08
505 9.82434e+08
506 9.82315e+08
509 9.8231e+08
514 9.8231e+08
516 9.82296e+08
516 9.82293e+08
529 9.82237e+08
530 9.82221e+08
531 9.8217e+08
535 9.82156e+08
538 9.81908e+08
552 9.81888e+08
561 9.81854e+08
561 9.81742e+08
570 9.81376e+08
576 9.81054e+08
577 9.80914e+08
579 9.80914e+08
592 9.80854e+08
593 9.80792e+08
594 9.8068e+08
602 9.80446e+08
626 9.80164e+08
632 9.79981e+08
633 9.79898e+08
633 9.79787e+08
641 9.79613e+08
664 9.79542e+08
665 9.79342e+08
670 9.79273e+08
671 9.79259e+08
679 9.79249e+08
681 9.79243e+08
681 9.79194e+08
684 9.79136e+08
684 9.79024e+08
692 9.78827e+08
698 9.78813e+08
