0 5.95292e+07
0 5.56761e+07
0 5.56413e+07
0 5.56111e+07
0 5.56019e+07
0 5.54163e+07
0 5.50131e+07
1 5.49872e+07
1 5.49018e+07
1 5.4804e+07
1 5.47757e+07
1 5.47638e+07
1 5.43714e+07
1 5.43082e+07
1 5.41906e+07
1 5.40802e+07
1 5.4e+07
1 5.39665e+07
1 5.39497e+07
1 5.3911e+07
1 5.38901e+07
1 5.38779e+07
1 5.38568e+07
1 5.38127e+07
1 5.377e+07
1 5.31117e+07
1 5.3053e+07
2 5.30319e+07
2 5.2893e+07
3 5.262e+07
3 5.1761e+07
3 5.17036e+07
3 5.14522e+07
3 5.141e+07
3 5.05963e+07
3 5.04977e+07
3 4.93612e+07
3 4.92131e+07
3 4.92073e+07
4 4.91076e+07
4 4.83884e+07
5 4.80563e+07
5 4.66797e+07
6 4.47755e+07
6 4.44996e+07
6 4.44082e+07
7 4.43486e+07
12 4.11529e+07
33 4.03126e+07
85 3.96648e+07
85 3.9664e+07
85 3.95618e+07
85 3.95436e+07
226 3.89365e+07
226 3.89258e+07
226 3.85245e+07
226 3.84877e+07
226 3.84671e+07
326 3.82676e+07
326 3.82516e+07
