1 8.8863e+08
1 8.88624e+08
1 8.88587e+08
1 8.87688e+08
2 8.87374e+08
3 8.87339e+08
4 8.87243e+08
6 8.87221e+08
6 8.87196e+08
7 8.87181e+08
9 8.87038e+08
9 8.8698e+08
16 8.8681e+08
16 8.86728e+08
21 8.85002e+08
26 8.8499e+08
31 8.84443e+08
35 8.83612e+08
38 8.83453e+08
46 8.83384e+08
46 8.83335e+08
46 8.83056e+08
58 8.83044e+08
63 8.81842e+08
68 8.78068e+08
71 8.78015e+08
71 8.77999e+08
73 8.77765e+08
78 8.77643e+08
87 8.77494e+08
87 8.77042e+08
87 8.76916e+08
92 8.7637e+08
93 8.76369e+08
98 8.76259e+08
103 8.76132e+08
104 8.76132e+08
110 8.76021e+08
118 8.7596e+08
130 8.75957e+08
130 8.75901e+08
137 8.75311e+08
143 8.75294e+08
150 8.7516e+08
164 8.74363e+08
179 8.74352e+08
217 8.73773e+08
225 8.71309e+08
240 8.71286e+08
293 8.71251e+08
313 8.71116e+08
313 8.71116e+08
313 8.71079e+08
314 8.71079e+08
314 8.71025e+08
314 8.71002e+08
347 8.70933e+08
347 8.70921e+08
358 8.70907e+08
412 8.63622e+08
421 8.63368e+08
432 8.63346e+08
432 8.63346e+08
432 8.63342e+08
432 8.63339e+08
432 8.62912e+08
475 8.62882e+08
