0 8.8863e+08
0 8.88624e+08
0 8.88587e+08
0 8.87688e+08
1 8.87374e+08
2 8.87339e+08
3 8.87243e+08
5 8.87221e+08
5 8.87196e+08
6 8.87181e+08
8 8.87038e+08
8 8.8698e+08
15 8.8681e+08
15 8.86728e+08
20 8.85002e+08
25 8.8499e+08
30 8.84443e+08
33 8.83612e+08
37 8.83453e+08
45 8.83384e+08
45 8.83335e+08
45 8.83056e+08
57 8.83044e+08
62 8.81842e+08
66 8.78068e+08
70 8.78015e+08
70 8.77999e+08
71 8.77765e+08
76 8.77643e+08
85 8.77494e+08
85 8.77042e+08
86 8.76916e+08
90 8.7637e+08
91 8.76369e+08
96 8.76259e+08
102 8.76132e+08
102 8.76132e+08
108 8.76021e+08
117 8.7596e+08
128 8.75957e+08
128 8.75901e+08
135 8.75311e+08
142 8.75294e+08
148 8.7516e+08
162 8.74363e+08
177 8.74352e+08
215 8.73773e+08
223 8.71309e+08
238 8.71286e+08
290 8.71251e+08
311 8.71116e+08
311 8.71116e+08
311 8.71079e+08
311 8.71079e+08
311 8.71025e+08
311 8.71002e+08
345 8.70933e+08
345 8.70921e+08
355 8.70907e+08
409 8.63622e+08
418 8.63368e+08
429 8.63346e+08
429 8.63346e+08
429 8.63342e+08
429 8.63339e+08
429 8.62912e+08
472 8.62882e+08
501 8.62558e+08
563 8.62428e+08
616 8.62411e+08
616 8.62411e+08
656 8.6224e+08
656 8.6224e+08
656 8.62219e+08
656 8.62219e+08
